mu = 25.812999155899675
lambda = 0.001460976048430844
c = 0.021564858443617625
